DSC00001.tga 01.key 1.000000 -0.000000 0.000000 -0.000000 1.000000 -0.000000 0.000000 -0.000000 1.000000
DSC00002.tga 02.key 1.000000 0.000585 0.000100 -0.000585 1.000000 0.000173 -0.000099 -0.000173 1.000000
DSC00003.tga 03.key 0.948904 0.008674 -0.315444 -0.007906 0.999962 0.003716 0.315464 -0.001033 0.948937
DSC00004.tga 04.key 0.797244 0.018095 -0.603385 -0.015291 0.999835 0.009780 0.603463 0.001429 0.797390
DSC00005.tga 05.key 0.577287 0.028266 -0.816052 -0.023045 0.999567 0.018320 0.816216 0.008231 0.577688
DSC00006.tga 06.key 0.302621 0.036740 -0.952403 -0.029750 0.999134 0.029090 0.952647 0.019531 0.303452
DSC00007.tga 07.key -0.008309 0.042707 -0.999053 -0.030700 0.998606 0.042943 0.999494 0.031028 -0.006987
DSC00008.tga 08.key -0.322170 0.043848 -0.945666 -0.027730 0.998061 0.055725 0.946276 0.044176 -0.320330
DSC00009.tga 09.key -0.593900 0.036061 -0.803730 -0.025011 0.997685 0.063245 0.804150 0.057663 -0.591623
DSC00010.tga 10.key -0.816254 0.030006 -0.576914 0.000517 0.998688 0.051213 0.577694 0.041504 -0.815198
DSC00011.tga 11.key -0.952798 0.023994 -0.302657 0.007961 0.998504 0.054097 0.303502 0.049134 -0.951563
DSC00012.tga 12.key -0.999894 0.010978 0.009513 0.011477 0.998469 0.054118 -0.008905 0.054221 -0.998489
DSC00013.tga 13.key -0.949587 0.000111 0.313504 0.017405 0.998476 0.052366 -0.313020 0.055182 -0.948142
DSC00014.tga 14.key -0.803524 -0.009843 0.595191 0.024021 0.998513 0.048942 -0.594788 0.053623 -0.802092
DSC00015.tga 15.key -0.572601 -0.017909 0.819639 0.028896 0.998699 0.042009 -0.819325 0.047738 -0.571338
DSC00016.tga 16.key -0.307642 -0.024346 0.951191 0.031842 0.998849 0.035865 -0.950969 0.041321 -0.306513
DSC00017.tga 17.key 0.008598 -0.030117 0.999509 0.032263 0.999034 0.029825 -0.999442 0.031990 0.009561
DSC00018.tga 18.key 0.317614 -0.031585 0.947694 0.031454 0.999246 0.022762 -0.947698 0.022579 0.318368
DSC00019.tga 19.key 0.593734 -0.026142 0.804237 0.026185 0.999570 0.013160 -0.804235 0.013245 0.594163
DSC00020.tga 20.key 0.817588 -0.020054 0.575455 0.019519 0.999784 0.007109 -0.575473 0.005419 0.817803
DSC00021.tga 21.key 0.953816 -0.012422 0.300135 0.011659 0.999923 0.004335 -0.300165 -0.000636 0.953887
DSC00022.tga 22.key -0.808634 0.029409 -0.587577 -0.000242 0.998733 0.050321 0.588312 0.040833 -0.807602
DSC00023.tga 23.key -0.952007 0.024213 -0.305116 0.008177 0.998522 0.053727 0.305966 0.048653 -0.950798
DSC00024.tga 24.key -0.999903 0.010401 0.009259 0.010885 0.998490 0.053848 -0.008685 0.053944 -0.998506
DSC00025.tga 25.key 0.999735 0.005818 -0.022284 -0.017131 0.834552 -0.550663 0.015393 0.550899 0.834430
DSC00026.tga 26.key 0.942519 0.012653 -0.333912 -0.194815 0.832687 -0.518344 0.271485 0.553600 0.787288
DSC00027.tga 27.key 0.793723 0.016960 -0.608043 -0.349781 0.830538 -0.433428 0.497652 0.556703 0.665150
DSC00028.tga 28.key 0.568673 0.018097 -0.822364 -0.469977 0.827652 -0.306781 0.675079 0.560950 0.479169
DSC00029.tga 29.key 0.287456 0.018844 -0.957608 -0.545530 0.825006 -0.147523 0.787252 0.564810 0.247433
DSC00030.tga 30.key -0.023376 0.019931 -0.999528 -0.568431 0.822195 0.029689 0.822398 0.568857 -0.007890
DSC00031.tga 31.key -0.335693 0.018502 -0.941790 -0.535880 0.818503 0.207090 0.774689 0.574205 -0.264851
DSC00032.tga 32.key -0.610556 0.016478 -0.791801 -0.451742 0.813942 0.365276 0.650500 0.580712 -0.489514
DSC00033.tga 33.key -0.827051 0.013568 -0.561963 -0.319675 0.810961 0.490051 0.462379 0.584943 -0.666369
DSC00034.tga 34.key -0.958235 0.006328 -0.285913 -0.163190 0.808909 0.564832 0.234852 0.587900 -0.774092
DSC00035.tga 35.key -0.999529 -0.010465 0.028840 0.008321 0.812319 0.583154 -0.029530 0.583120 -0.811849
DSC00036.tga 36.key -0.943131 -0.011270 0.332230 0.183623 0.815452 0.548927 -0.277104 0.578715 -0.767009
DSC00037.tga 37.key -0.792782 -0.015488 0.609309 0.339297 0.819247 0.462290 -0.506334 0.573232 -0.644229
DSC00038.tga 38.key -0.568632 -0.015087 0.822454 0.460941 0.822271 0.333771 -0.681316 0.568896 -0.460615
DSC00039.tga 39.key -0.568780 -0.015653 0.822341 0.460832 0.822082 0.334387 -0.681266 0.569154 -0.460370
DSC00040.tga 40.key -0.284234 -0.013705 0.958657 0.538361 0.825096 0.171416 -0.793333 0.564826 -0.227142
DSC00041.tga 41.key 0.024149 -0.010229 0.999656 0.559885 0.828555 -0.005047 -0.828218 0.559814 0.025736
DSC00042.tga 42.key 0.337062 -0.008818 0.941441 0.526038 0.831075 -0.180552 -0.780816 0.556091 0.284762
DSC00043.tga 43.key 0.611699 -0.006406 0.791065 0.440833 0.833080 -0.334132 -0.656879 0.553116 0.512418
DSC00044.tga 44.key 0.833295 -0.001493 0.552827 0.305948 0.834144 -0.458912 -0.460452 0.551545 0.695545
DSC00045.tga 45.key 0.958975 0.002058 0.283482 0.154427 0.834794 -0.528461 -0.237737 0.550558 0.800229
DSC00046.tga 46.key 0.999551 0.007183 -0.029105 -0.028318 0.544844 -0.838059 0.009838 0.838506 0.544803
DSC00047.tga 47.key 0.785866 0.021326 -0.618029 -0.528811 0.541278 -0.653741 0.320584 0.840573 0.436649
DSC00048.tga 48.key 0.274462 0.020178 -0.961386 -0.816883 0.532356 -0.222035 0.507319 0.846280 0.162595
DSC00049.tga 49.key -0.342267 0.011774 -0.939529 -0.797600 0.524921 0.297141 0.496677 0.851069 -0.170272
DSC00050.tga 50.key -0.837428 0.008173 -0.546487 -0.463104 0.520404 0.717436 0.290258 0.853881 -0.432016
DSC00051.tga 51.key -0.999181 -0.000047 0.040470 0.034301 0.529707 0.847487 -0.021477 0.848181 -0.529272
DSC00052.tga 52.key -0.791790 -0.006954 0.610754 0.514474 0.531373 0.673022 -0.329219 0.847109 -0.417158
DSC00053.tga 53.key -0.277440 -0.011111 0.960679 0.809070 0.536538 0.239861 -0.518105 0.843803 -0.139867
DSC00054.tga 54.key 0.340317 -0.009458 0.940263 0.792234 0.541516 -0.281293 -0.506508 0.840637 0.191780
DSC00055.tga 55.key 0.832799 0.002046 0.553572 0.462408 0.547203 -0.697673 -0.304343 0.836998 0.454764
