IMG_9364.tga IMG_9364.key 1.000000 -0.000000 0.000000 -0.000000 1.000000 -0.000000 0.000000 -0.000000 1.000000
IMG_9365.tga IMG_9365.key 0.997769 0.049884 -0.044374 -0.053094 0.995816 -0.074368 0.040479 0.076558 0.996243
IMG_9366.tga IMG_9366.key 0.997795 0.049652 -0.044036 -0.052811 0.995878 -0.073742 0.040193 0.075905 0.996305
IMG_9367.tga IMG_9367.key 0.965697 0.030256 -0.257902 -0.050542 0.996095 -0.072393 0.254704 0.082944 0.963455
IMG_9368.tga IMG_9368.key 0.818419 -0.041073 -0.573152 -0.014390 0.995664 -0.091899 0.574441 0.083460 0.814280
IMG_9369.tga IMG_9369.key 0.629255 -0.085612 -0.772469 0.024911 0.995625 -0.090052 0.776800 0.037423 0.628635
IMG_9370.tga IMG_9370.key 0.358679 -0.130885 -0.924239 0.082298 0.990699 -0.108359 0.929826 -0.037197 0.366115
IMG_9371.tga IMG_9371.key -0.012593 -0.143307 -0.989598 0.087210 0.985748 -0.143859 0.996110 -0.088114 0.000084
IMG_9372.tga IMG_9372.key -0.342267 -0.129428 -0.930646 0.085675 0.982042 -0.168085 0.935689 -0.137263 -0.325032
IMG_9373.tga IMG_9373.key -0.650475 -0.110729 -0.751413 0.063882 0.977835 -0.199395 0.756837 -0.177704 -0.628983
IMG_9374.tga IMG_9374.key -0.849572 -0.087301 -0.520198 0.029885 0.976657 -0.212713 0.526626 -0.196262 -0.827132
IMG_9375.tga IMG_9375.key -0.970352 -0.058696 -0.234459 -0.001519 0.971526 -0.236928 0.241690 -0.229548 -0.942812
IMG_9376.tga IMG_9376.key -0.997820 -0.033040 0.057120 -0.045523 0.971314 -0.233403 -0.047770 -0.235495 -0.970701
IMG_9377.tga IMG_9377.key -0.934851 -0.000259 0.355039 -0.081102 0.973716 -0.212837 -0.345652 -0.227765 -0.910301
IMG_9378.tga IMG_9378.key -0.721684 0.043074 0.690881 -0.122643 0.974316 -0.188856 -0.681272 -0.221026 -0.697866
IMG_9379.tga IMG_9379.key -0.450779 0.071534 0.889765 -0.149944 0.976552 -0.154477 -0.879952 -0.203050 -0.429483
IMG_9381.tga IMG_9381.key -0.203717 0.072117 0.976370 -0.172510 0.979035 -0.108307 -0.963711 -0.190498 -0.187005
IMG_9382.tga IMG_9382.key 0.110284 0.103249 0.988523 -0.167671 0.982267 -0.083890 -0.979655 -0.156495 0.125640
IMG_9384.tga IMG_9384.key 0.478792 0.097274 0.872523 -0.141187 0.989438 -0.032833 -0.866501 -0.107469 0.487469
IMG_9385.tga IMG_9385.key 0.743318 0.078832 0.664277 -0.115793 0.993204 0.011704 -0.658840 -0.085619 0.747395
IMG_9387.tga IMG_9387.key 0.916706 0.029148 0.398497 -0.055098 0.997029 0.053820 -0.395744 -0.071293 0.915589
IMG_9388.tga IMG_9388.key 0.991380 0.001771 0.131005 -0.012771 0.996453 0.083175 -0.130393 -0.084131 0.987887
IMG_9389.tga IMG_9389.key 0.997268 -0.018063 0.071632 0.044054 0.923784 -0.380372 -0.059302 0.382488 0.922055
IMG_9390.tga IMG_9390.key 0.985048 0.078219 -0.153503 -0.138150 0.890979 -0.432518 0.102937 0.447257 0.888462
IMG_9391.tga IMG_9391.key 0.746736 -0.086517 -0.659469 -0.240237 0.889484 -0.388720 0.620218 0.448701 0.643426
IMG_9392.tga IMG_9392.key 0.344910 -0.131198 -0.929421 -0.324740 0.912356 -0.249301 0.880671 0.387806 0.272075
IMG_9393.tga IMG_9393.key -0.274307 -0.114659 -0.954782 -0.322473 0.946346 -0.021000 0.905962 0.302131 -0.296563
IMG_9394.tga IMG_9394.key -0.832262 -0.055035 -0.551645 -0.158642 0.977092 0.141862 0.531200 0.205580 -0.821927
IMG_9395.tga IMG_9395.key -0.989503 0.000843 -0.144513 -0.016145 0.993078 0.116341 0.143611 0.117453 -0.982640
IMG_9396.tga IMG_9396.key -0.930508 0.058198 0.361618 0.093508 0.992326 0.080909 -0.354134 0.109101 -0.928809
IMG_9397.tga IMG_9397.key -0.636544 0.086486 0.766376 0.149625 0.988661 0.012705 -0.756587 0.122756 -0.642267
IMG_9398.tga IMG_9398.key -0.154242 0.118134 0.980945 0.204213 0.975200 -0.085332 -0.966699 0.187160 -0.174541
IMG_9399.tga IMG_9399.key 0.365535 0.120359 0.922983 0.212668 0.954576 -0.208703 -0.906177 0.272577 0.323334
IMG_9400.tga IMG_9400.key 0.742281 0.076830 0.665670 0.147063 0.950507 -0.273693 -0.653752 0.301053 0.694245
IMG_9401.tga IMG_9401.key 0.939433 0.034522 0.340989 0.075706 0.949437 -0.304693 -0.334266 0.312054 0.889319
