IMG_1178.tga IMG_1178.key 1.000000 -0.000000 0.000000 -0.000000 1.000000 -0.000000 0.000000 -0.000000 1.000000
IMG_1179.tga IMG_1179.key 0.976486 -0.016823 0.214922 0.008775 0.999226 0.038342 -0.215401 -0.035555 0.975878
IMG_1180.tga IMG_1180.key 0.900115 -0.021686 0.435111 0.000278 0.998789 0.049205 -0.435651 -0.044169 0.899031
IMG_1181.tga IMG_1181.key 0.766812 -0.123712 0.629836 0.072777 0.991680 0.106181 -0.637732 -0.035583 0.769436
IMG_1182.tga IMG_1182.key 0.586636 -0.144145 0.796919 0.101149 0.989368 0.104496 -0.803509 0.019306 0.594979
IMG_1183.tga IMG_1183.key 0.298909 -0.156519 0.941358 0.097561 0.986301 0.133013 -0.949282 0.052081 0.310084
IMG_1184.tga IMG_1184.key 0.006343 -0.127131 0.991866 0.096257 0.987357 0.125938 -0.995336 0.094675 0.018500
IMG_1185.tga IMG_1185.key -0.234238 -0.092080 0.967809 0.093106 0.988804 0.116611 -0.967711 0.117423 -0.223042
IMG_1186.tga IMG_1186.key -0.420566 -0.029945 0.906767 0.094146 0.992619 0.076445 -0.902364 0.117519 -0.414643
IMG_1187.tga IMG_1187.key -0.390341 -0.116134 0.913316 0.405921 0.868680 0.283944 -0.826355 0.481569 -0.291940
IMG_1188.tga IMG_1188.key -0.270676 -0.181800 0.945348 0.742658 0.585398 0.325219 -0.612530 0.790100 -0.023439
IMG_1189.tga IMG_1189.key -0.651736 -0.026719 0.757975 0.650998 0.493070 0.577133 -0.389155 0.869579 -0.303958
IMG_1190.tga IMG_1190.key -0.844722 0.105121 0.524780 0.505492 0.478863 0.717752 -0.175847 0.871573 -0.457643
IMG_1191.tga IMG_1191.key -0.918020 0.194224 0.345711 0.390874 0.590004 0.706479 -0.066756 0.783692 -0.617553
IMG_1192.tga IMG_1192.key -0.958743 0.221357 0.178359 0.284172 0.762971 0.580621 -0.007558 0.607351 -0.794397
IMG_1193.tga IMG_1193.key -0.971688 0.233974 0.032840 0.226943 0.885616 0.405193 0.065721 0.401174 -0.913641
IMG_1194.tga IMG_1194.key -0.882026 0.172133 0.438634 0.407443 0.746199 0.526476 -0.236685 0.643084 -0.728302
IMG_1195.tga IMG_1195.key -0.700446 0.060117 0.711169 0.520910 0.724221 0.451836 -0.487881 0.686942 -0.538594
IMG_1196.tga IMG_1196.key -0.463481 -0.054707 0.884417 0.524704 0.787350 0.323675 -0.714053 0.614074 -0.336217
IMG_1197.tga IMG_1197.key -0.455538 -0.057310 0.888369 0.371517 0.894629 0.248221 -0.808987 0.443118 -0.386246
IMG_1198.tga IMG_1198.key -0.618981 0.016283 0.785237 0.335314 0.909568 0.245459 -0.710230 0.415235 -0.568466
IMG_1199.tga IMG_1199.key -0.838242 0.089058 0.537977 0.312346 0.887108 0.339823 -0.446980 0.452889 -0.771428
IMG_1200.tga IMG_1200.key -0.962620 0.191613 0.191432 0.252582 0.890251 0.379020 -0.097798 0.413205 -0.905372
IMG_1201.tga IMG_1201.key -0.880644 0.100284 0.463044 0.239961 0.937124 0.253414 -0.408516 0.334279 -0.849336
IMG_1202.tga IMG_1202.key -0.549032 -0.001345 0.835800 0.249301 0.954215 0.165299 -0.797755 0.299120 -0.523559
IMG_1203.tga IMG_1203.key -0.318045 -0.100193 0.942766 0.120855 0.982003 0.145134 -0.940341 0.160097 -0.300213
IMG_1204.tga IMG_1204.key -0.630833 0.002330 0.775915 0.163216 0.978020 0.129760 -0.758558 0.208499 -0.617347
IMG_1205.tga IMG_1205.key -0.870676 0.101418 0.481288 0.207362 0.962988 0.172205 -0.446010 0.249736 -0.859481
IMG_1206.tga IMG_1206.key -0.977369 0.210623 0.019701 0.208553 0.943764 0.256547 0.035442 0.254849 -0.966331
IMG_1207.tga IMG_1207.key -0.946681 0.218748 -0.236526 0.167615 0.961389 0.218259 0.275137 0.166976 -0.946794
IMG_1208.tga IMG_1208.key -0.863643 0.220538 -0.453303 0.142011 0.969245 0.200990 0.483688 0.109209 -0.868400
IMG_1209.tga IMG_1209.key -0.738128 0.224087 -0.636358 0.129756 0.972770 0.192044 0.662065 0.059182 -0.747106
IMG_1210.tga IMG_1210.key -0.576830 0.234222 -0.782565 0.119990 0.971914 0.202450 0.808004 0.022879 -0.588733
IMG_1211.tga IMG_1211.key -0.631832 0.208755 -0.746465 0.100294 0.976972 0.188326 0.768589 0.044124 -0.638219
IMG_1212.tga IMG_1212.key -0.393911 0.163396 -0.904509 -0.138103 0.962380 0.233994 0.908714 0.217088 -0.356527
IMG_1213.tga IMG_1213.key -0.192845 0.189385 -0.962779 -0.142036 0.965475 0.218365 0.970895 0.178860 -0.159288
IMG_1214.tga IMG_1214.key 0.035741 0.171603 -0.984518 -0.108093 0.980031 0.166896 0.993498 0.100455 0.053576
IMG_1215.tga IMG_1215.key 0.396070 0.166219 -0.903050 -0.047449 0.985870 0.160653 0.916994 -0.020781 0.398360
IMG_1216.tga IMG_1216.key 0.628699 0.140465 -0.764857 -0.032825 0.987468 0.154365 0.776955 -0.071943 0.625432
IMG_1217.tga IMG_1217.key 0.795792 0.085676 -0.599479 0.004740 0.989029 0.147642 0.605552 -0.120334 0.786655
IMG_1218.tga IMG_1218.key 0.951849 0.048194 -0.302756 -0.004628 0.989712 0.142996 0.306533 -0.134709 0.942280
IMG_1219.tga IMG_1219.key 0.999219 0.002660 -0.039428 0.003112 0.989334 0.145631 0.039395 -0.145640 0.988553
