goodimg_0.tga 0.key 1.000000 -0.000000 0.000000 -0.000000 1.000000 -0.000000 0.000000 -0.000000 1.000000
goodimg_1.tga 1.key 0.964483 0.057589 -0.257790 -0.056851 0.998329 0.010321 0.257954 0.004701 0.966146
goodimg_2.tga 2.key 0.802415 0.036010 -0.595679 0.022215 0.995683 0.090116 0.596352 -0.085543 0.798152
goodimg_3.tga 3.key 0.965143 0.037069 -0.259084 0.020989 0.975769 0.217796 0.260879 -0.215642 0.940979
goodimg_4.tga 4.key 0.998834 0.014391 0.046086 -0.025536 0.967571 0.251307 -0.040975 -0.252191 0.966810
goodimg_5.tga 5.key 0.886832 0.044885 0.459907 -0.051882 0.998650 0.002579 -0.459171 -0.026148 0.887963
goodimg_6.tga 6.key 0.871554 0.016269 0.490030 -0.140931 0.965585 0.218597 -0.469609 -0.259580 0.843852
